0.6576242900046054 0.6735228710022056 1.2370586160031962 0.8097047379997093 128.03344020900113 1
1.5213662599999225 1.5714621610022732 3.303995128997485 1.8560229810027522 127.51904761300102 2
3.8235266909978236 3.3749914479994914 8.796499429001415 4.430474801003584 117.1563336170002 5
8.789889249994303 7.017585096000403 16.19346720599424 8.194459419006307 124.33956452200073 10
31.669350067000778 21.51255941200361 44.88334431599651 24.460861380997812 127.51713947099779 20
85.14943061499798 48.53798841299431 77.38075068699982 50.07279729199945 127.66490250099741 40
247.31603498299955 136.96367080300115 171.0372198030018 145.15250684999774 134.79906825799844 70
447.87990040500154 252.4401940530006 255.30347151100432 261.22606635300326 134.81106778899994 100
1000.0894927030022 522.6233661989972 412.1364054959995 502.00281464 106.31454605999897 150
1446.6397465429982 727.8689656460047 444.99955204599974 693.0409357899989 101.49801723600103 200
40574.511997999005 1238.5506745390012 587.1653923520062 1372.887903779003 102.8463742229942 270
4465.299256205995 2099.313217079005 804.7797572600102 2360.7978926610085 107.53849817800801 350
7609.664194638011 4367.812358825991 1414.7234681239934 4710.3439430610015 148.20839094099938 450
14245.495492871982 6060.877586857008 1497.7103637070104 5920.193492393999 117.19691574701574 550
20801.398039400985 10934.994292757998 2257.6937364369805 10765.094758529012 132.431755521975 700
